%YAML:1.0
---
R: !!opencv-matrix
   rows: 3
   cols: 3
   dt: d
   data: [ 9.9999559685747541e-01, -3.7099745091740365e-04,
       -2.9442531400956234e-03, 3.8614253427141315e-04,
       9.9998668960328407e-01, 5.1450471531684534e-03,
       2.9423051515396221e-03, -5.1461614001615946e-03,
       9.9998242977726304e-01 ]
T: !!opencv-matrix
   rows: 3
   cols: 1
   dt: d
   data: [ -6.0093798448982767e+00, -1.5270390040255530e-02,
       -9.1411191732935618e-02 ]
R1: !!opencv-matrix
   rows: 3
   cols: 3
   dt: d
   data: [ 9.9992242880927429e-01, 2.0915320943995794e-03,
       1.2278512029552165e-02, -2.1233155033680878e-03,
       9.9999442767149227e-01, 2.5760739969515000e-03,
       -1.2273055668207383e-02, -2.6019453227748026e-03,
       9.9992129789554052e-01 ]
R2: !!opencv-matrix
   rows: 3
   cols: 3
   dt: d
   data: [ 9.9988109900763278e-01, 2.5407903593727041e-03,
       1.5209609845035886e-02, -2.5018861516572441e-03,
       9.9999355146870117e-01, -2.5763514314123023e-03,
       -1.5216057734270053e-02, 2.5379923884270117e-03,
       9.9988100801128510e-01 ]
P1: !!opencv-matrix
   rows: 3
   cols: 4
   dt: d
   data: [ 1.3916824869658899e+03, 0., 9.3874116516113281e+02, 0., 0.,
       1.3916824869658899e+03, 5.3598386383056641e+02, 0., 0., 0., 1.,
       0. ]
P2: !!opencv-matrix
   rows: 3
   cols: 4
   dt: d
   data: [ 1.3916824869658899e+03, 0., 9.3874116516113281e+02,
       -8.3641431925966299e+03, 0., 1.3916824869658899e+03,
       5.3598386383056641e+02, 0., 0., 0., 1., 0. ]
Q: !!opencv-matrix
   rows: 4
   cols: 4
   dt: d
   data: [ 1., 0., 0., -9.3874116516113281e+02, 0., 1., 0.,
       -5.3598386383056641e+02, 0., 0., 0., 1.3916824869658899e+03, 0.,
       0., 1.6638673620481684e-01, 0. ]
