%YAML:1.0
---
M1: !!opencv-matrix
   rows: 3
   cols: 3
   dt: d
   data: [ 1.4069781785840171e+03, 0., 9.6212630462655727e+02, 0.,
       1.4082123037556535e+03, 5.3956168466419672e+02, 0., 0., 1. ]
D1: !!opencv-matrix
   rows: 1
   cols: 14
   dt: d
   data: [ 1.4175682913855530e-02, 1.4295079884485196e-02, 0., 0., 0.,
       0., 0., 6.4203702185242739e-02, 0., 0., 0., 0., 0., 0. ]
M2: !!opencv-matrix
   rows: 3
   cols: 3
   dt: d
   data: [ 1.4069781785840171e+03, 0., 9.7187244361100306e+02, 0.,
       1.4082123037556535e+03, 5.3241537506845486e+02, 0., 0., 1. ]
D2: !!opencv-matrix
   rows: 1
   cols: 14
   dt: d
   data: [ 2.5275422520621652e-02, -3.0747919133852185e-02, 0., 0., 0.,
       0., 0., -1.1371975104588926e-03, 0., 0., 0., 0., 0., 0. ]
